
0BEL 2017 6 7 18 35 5.000
0BEL 2017 6 7 18 35 5.000
0BEL 2017 6 7 18 35 5.000
AMR0 2017 6 7 18 35 5.000
BAN0 2017 6 7 18 35 5.000
BAN0 2017 6 7 18 35 5.000
BAN0 2017 6 7 18 35 5.000
BHI0 2017 6 7 18 35 5.000
BHI0 2017 6 7 18 35 5.000
BHV0 2017 6 7 18 35 5.000
BHV0 2017 6 7 18 35 5.000
BHV0 2017 6 7 18 35 5.000
CHA0 2017 6 7 18 35 5.000
CHA0 2017 6 7 18 35 5.000
CHA0 2017 6 7 18 35 5.000
CHO0 2017 6 7 18 35 5.000
CHO0 2017 6 7 18 35 5.000
CHO0 2017 6 7 18 35 5.000
GDD0 2017 6 7 18 35 5.000
GDD0 2017 6 7 18 35 5.000
GDD0 2017 6 7 18 35 5.000
JUN0 2017 6 7 18 35 5.000
JUN0 2017 6 7 18 35 5.000
JUN0 2017 6 7 18 35 5.000
KAD0 2017 6 7 18 35 5.000
KAD0 2017 6 7 18 35 5.000
KAD0 2017 6 7 18 35 5.000
KAK0 2017 6 7 18 35 5.000
KAK0 2017 6 7 18 35 5.000
KAK0 2017 6 7 18 35 5.000
KAV0 2017 6 7 18 35 5.000
KAV0 2017 6 7 18 35 5.000
KAV0 2017 6 7 18 35 5.000
MOR0 2017 6 7 18 35 5.000
MOR0 2017 6 7 18 35 5.000
RAD0 2017 6 7 18 35 5.000
SIP0 2017 6 7 18 35 5.000
SIP0 2017 6 7 18 35 5.000
SIP0 2017 6 7 18 35 5.000
SUR0 2017 6 7 18 35 5.000
SUR0 2017 6 7 18 35 5.000
SUV0 2017 6 7 18 35 5.000
SUV0 2017 6 7 18 35 5.000
SUV0 2017 6 7 18 35 5.000
UKI0 2017 6 7 18 35 5.000
UKI0 2017 6 7 18 35 5.000
UKI0 2017 6 7 18 35 5.000
UNA0 2017 6 7 18 35 5.000
UNA0 2017 6 7 18 35 5.000
UNA0 2017 6 7 18 35 5.000
VAL0 2017 6 7 18 35 5.000
VAL0 2017 6 7 18 35 5.000
VAL0 2017 6 7 18 35 5.000
LAL0 2017 6 7 18 35 41.000
LAL0 2017 6 7 18 35 41.000
LAL0 2017 6 7 18 35 53.000
0BEL 2017 6 8 10 44 15.000
0BEL 2017 6 8 10 44 15.000
0BEL 2017 6 8 10 44 15.000
AMR0 2017 6 8 10 44 15.000
BHI0 2017 6 8 10 44 15.000
BHI0 2017 6 8 10 44 15.000
BHI0 2017 6 8 10 44 15.000
BHV0 2017 6 8 10 44 15.000
CHA0 2017 6 8 10 44 15.000
CHA0 2017 6 8 10 44 15.000
CHA0 2017 6 8 10 44 15.000
GDD0 2017 6 8 10 44 15.000
GDD0 2017 6 8 10 44 15.000
GDD0 2017 6 8 10 44 15.000
JUN0 2017 6 8 10 44 15.000
JUN0 2017 6 8 10 44 15.000
JUN0 2017 6 8 10 44 15.000
KAD0 2017 6 8 10 44 15.000
KAD0 2017 6 8 10 44 15.000
KAD0 2017 6 8 10 44 15.000
KAV0 2017 6 8 10 44 15.000
KAV0 2017 6 8 10 44 15.000
KAV0 2017 6 8 10 44 15.000
LAL0 2017 6 8 10 44 15.000
LAL0 2017 6 8 10 44 15.000
LAL0 2017 6 8 10 44 15.000
MOR0 2017 6 8 10 44 15.000
MOR0 2017 6 8 10 44 15.000
RAD0 2017 6 8 10 44 15.000
SIP0 2017 6 8 10 44 15.000
SIP0 2017 6 8 10 44 15.000
SIP0 2017 6 8 10 44 15.000
SUR0 2017 6 8 10 44 15.000
SUR0 2017 6 8 10 44 15.000
SUV0 2017 6 8 10 44 15.000
SUV0 2017 6 8 10 44 15.000
SUV0 2017 6 8 10 44 15.000
UKI0 2017 6 8 10 44 15.000
UKI0 2017 6 8 10 44 15.000
UKI0 2017 6 8 10 44 15.000
UNA0 2017 6 8 10 44 15.000
UNA0 2017 6 8 10 44 15.000
UNA0 2017 6 8 10 44 15.000
VAL0 2017 6 8 10 44 15.000
VAL0 2017 6 8 10 44 15.000
VAL0 2017 6 8 10 44 15.000
