#START_TIME 2017  6  7 18 35  5.000
#SAMP_FREQ   50.00
#NDAT  43
#STATION_CODE AMR0 
#STATION_CHANNEL B  Z
       -8509
       -7580
       -7998
       -9142
       -7922
       -7445
       -8793
       -8334
       -7859
       -8565
       -8057
       -7728
       -8930
       -8543
       -7386
       -8252
       -8854
       -8052
       -8077
       -8460
       -7971
       -8229
       -4020
       -11090
       -5201
       -12020
       -3050
       -6070
       -11000
       -5464
       -10000
       -6000
       -2040
       -3003
       -9999
       -4013
       -11092
       -7480
       -12093
       -3003
       -10574
       -4059
       -9093
