#START_TIME 2017  6  7 18 35  5.000
#SAMP_FREQ   50.00
#NDAT  42
#STATION_CODE BHI0 
#STATION_CHANNEL B N
       -9174
       -9186
       -9162
       -9084
       -8979
       -9000
       -9025
       -8941
       -8857
       -8877
       -8912
       -8867
       -8876
       -8858
       -8782
       -8738
       -8691
       -8698
       -8698
       -8598
       -8503
       -8507
       -8510
       -8454
       -8428
       -8427
       -8383
       -8353
       -8365
       -8339
       -8255
       -8154
       -8057
       -7997
       -7960
       -7813
       -7731
       -7821
       -7836
       -7781
       -7803
       -7872

